{
 "cells": [
  {
   "cell_type": "markdown",
   "metadata": {
    "colab_type": "text",
    "id": "nwl8aLgYs-h0"
   },
   "source": [
    "# Анализ клиентов банка на благонадежность\n",
    "\n",
    "\n"
   ]
  },
  {
   "cell_type": "code",
   "execution_count": 1,
   "metadata": {
    "colab": {},
    "colab_type": "code",
    "id": "xu4Nl9_Ts-h2"
   },
   "outputs": [],
   "source": [
    "import numpy as np\n",
    "import matplotlib.pyplot as plt\n",
    "import pandas as pd\n",
    "%matplotlib inline\n",
    "pd.options.mode.chained_assignment = None  # default='warn'"
   ]
  },
  {
   "cell_type": "code",
   "execution_count": 2,
   "metadata": {},
   "outputs": [
    {
     "data": {
      "text/html": [
       "        <script type=\"text/javascript\">\n",
       "        window.PlotlyConfig = {MathJaxConfig: 'local'};\n",
       "        if (window.MathJax) {MathJax.Hub.Config({SVG: {font: \"STIX-Web\"}});}\n",
       "        if (typeof require !== 'undefined') {\n",
       "        require.undef(\"plotly\");\n",
       "        requirejs.config({\n",
       "            paths: {\n",
       "                'plotly': ['https://cdn.plot.ly/plotly-latest.min']\n",
       "            }\n",
       "        });\n",
       "        require(['plotly'], function(Plotly) {\n",
       "            window._Plotly = Plotly;\n",
       "        });\n",
       "        }\n",
       "        </script>\n",
       "        "
      ]
     },
     "metadata": {},
     "output_type": "display_data"
    }
   ],
   "source": [
    "import plotly.express as px\n",
    "import plotly.figure_factory as ff\n",
    "import cufflinks as cf\n",
    "cf.go_offline()\n",
    "cf.set_config_file(offline=False, world_readable=True)"
   ]
  },
  {
   "cell_type": "code",
   "execution_count": 3,
   "metadata": {},
   "outputs": [],
   "source": [
    "path_loc = 'loan.csv'"
   ]
  },
  {
   "cell_type": "raw",
   "metadata": {
    "colab": {},
    "colab_type": "code",
    "id": "eLG2kVGXs-h7"
   },
   "source": [
    "url =  'https://www.kaggle.com/mrferozi/loan-data-for-dummy-bank/download'\n",
    "path = 'C:\\loan2.csv'\n",
    "#data = pd.read_csv(url, sep=',', header=None,  engine='python')\n",
    "data = pd.read_csv(path, sep = ',', header=None, engine = 'python')"
   ]
  },
  {
   "cell_type": "code",
   "execution_count": 4,
   "metadata": {
    "scrolled": true
   },
   "outputs": [],
   "source": [
    "data = pd.read_csv(path_loc, sep = ',', header=0, engine = 'python')"
   ]
  },
  {
   "cell_type": "code",
   "execution_count": 5,
   "metadata": {
    "colab": {
     "base_uri": "https://localhost:8080/",
     "height": 394
    },
    "colab_type": "code",
    "executionInfo": {
     "elapsed": 729,
     "status": "ok",
     "timestamp": 1570812603867,
     "user": {
      "displayName": "Nikolai Zolotykh",
      "photoUrl": "https://lh3.googleusercontent.com/a-/AAuE7mCEtTuH2RIsH6xSNXDKF54vy2gvluaqGaOi66eCNg=s64",
      "userId": "03606609416015113398"
     },
     "user_tz": -180
    },
    "id": "ijwiJEUOs-iU",
    "outputId": "675cb2d8-591b-4d17-f098-14c8642d3535",
    "scrolled": true
   },
   "outputs": [
    {
     "data": {
      "text/html": [
       "<div>\n",
       "<style scoped>\n",
       "    .dataframe tbody tr th:only-of-type {\n",
       "        vertical-align: middle;\n",
       "    }\n",
       "\n",
       "    .dataframe tbody tr th {\n",
       "        vertical-align: top;\n",
       "    }\n",
       "\n",
       "    .dataframe thead th {\n",
       "        text-align: right;\n",
       "    }\n",
       "</style>\n",
       "<table border=\"1\" class=\"dataframe\">\n",
       "  <thead>\n",
       "    <tr style=\"text-align: right;\">\n",
       "      <th></th>\n",
       "      <th>id</th>\n",
       "      <th>year</th>\n",
       "      <th>issue_d</th>\n",
       "      <th>final_d</th>\n",
       "      <th>emp_length_int</th>\n",
       "      <th>home_ownership</th>\n",
       "      <th>home_ownership_cat</th>\n",
       "      <th>income_category</th>\n",
       "      <th>annual_inc</th>\n",
       "      <th>income_cat</th>\n",
       "      <th>...</th>\n",
       "      <th>loan_condition_cat</th>\n",
       "      <th>interest_rate</th>\n",
       "      <th>grade</th>\n",
       "      <th>grade_cat</th>\n",
       "      <th>dti</th>\n",
       "      <th>total_pymnt</th>\n",
       "      <th>total_rec_prncp</th>\n",
       "      <th>recoveries</th>\n",
       "      <th>installment</th>\n",
       "      <th>region</th>\n",
       "    </tr>\n",
       "  </thead>\n",
       "  <tbody>\n",
       "    <tr>\n",
       "      <th>0</th>\n",
       "      <td>1077501</td>\n",
       "      <td>2011</td>\n",
       "      <td>01/12/2011</td>\n",
       "      <td>1012015</td>\n",
       "      <td>10.0</td>\n",
       "      <td>RENT</td>\n",
       "      <td>1</td>\n",
       "      <td>Low</td>\n",
       "      <td>24000</td>\n",
       "      <td>1</td>\n",
       "      <td>...</td>\n",
       "      <td>0</td>\n",
       "      <td>10.65</td>\n",
       "      <td>B</td>\n",
       "      <td>2</td>\n",
       "      <td>27.65</td>\n",
       "      <td>5861.071414</td>\n",
       "      <td>5000.00</td>\n",
       "      <td>0.00</td>\n",
       "      <td>162.87</td>\n",
       "      <td>munster</td>\n",
       "    </tr>\n",
       "    <tr>\n",
       "      <th>1</th>\n",
       "      <td>1077430</td>\n",
       "      <td>2011</td>\n",
       "      <td>01/12/2011</td>\n",
       "      <td>1042013</td>\n",
       "      <td>0.5</td>\n",
       "      <td>RENT</td>\n",
       "      <td>1</td>\n",
       "      <td>Low</td>\n",
       "      <td>30000</td>\n",
       "      <td>1</td>\n",
       "      <td>...</td>\n",
       "      <td>1</td>\n",
       "      <td>15.27</td>\n",
       "      <td>C</td>\n",
       "      <td>3</td>\n",
       "      <td>1.00</td>\n",
       "      <td>1008.710000</td>\n",
       "      <td>456.46</td>\n",
       "      <td>117.08</td>\n",
       "      <td>59.83</td>\n",
       "      <td>leinster</td>\n",
       "    </tr>\n",
       "    <tr>\n",
       "      <th>2</th>\n",
       "      <td>1077175</td>\n",
       "      <td>2011</td>\n",
       "      <td>01/12/2011</td>\n",
       "      <td>1062014</td>\n",
       "      <td>10.0</td>\n",
       "      <td>RENT</td>\n",
       "      <td>1</td>\n",
       "      <td>Low</td>\n",
       "      <td>12252</td>\n",
       "      <td>1</td>\n",
       "      <td>...</td>\n",
       "      <td>0</td>\n",
       "      <td>15.96</td>\n",
       "      <td>C</td>\n",
       "      <td>3</td>\n",
       "      <td>8.72</td>\n",
       "      <td>3003.653644</td>\n",
       "      <td>2400.00</td>\n",
       "      <td>0.00</td>\n",
       "      <td>84.33</td>\n",
       "      <td>cannught</td>\n",
       "    </tr>\n",
       "    <tr>\n",
       "      <th>3</th>\n",
       "      <td>1076863</td>\n",
       "      <td>2011</td>\n",
       "      <td>01/12/2011</td>\n",
       "      <td>1012015</td>\n",
       "      <td>10.0</td>\n",
       "      <td>RENT</td>\n",
       "      <td>1</td>\n",
       "      <td>Low</td>\n",
       "      <td>49200</td>\n",
       "      <td>1</td>\n",
       "      <td>...</td>\n",
       "      <td>0</td>\n",
       "      <td>13.49</td>\n",
       "      <td>C</td>\n",
       "      <td>3</td>\n",
       "      <td>20.00</td>\n",
       "      <td>12226.302210</td>\n",
       "      <td>10000.00</td>\n",
       "      <td>0.00</td>\n",
       "      <td>339.31</td>\n",
       "      <td>ulster</td>\n",
       "    </tr>\n",
       "    <tr>\n",
       "      <th>4</th>\n",
       "      <td>1075358</td>\n",
       "      <td>2011</td>\n",
       "      <td>01/12/2011</td>\n",
       "      <td>1012016</td>\n",
       "      <td>1.0</td>\n",
       "      <td>RENT</td>\n",
       "      <td>1</td>\n",
       "      <td>Low</td>\n",
       "      <td>80000</td>\n",
       "      <td>1</td>\n",
       "      <td>...</td>\n",
       "      <td>0</td>\n",
       "      <td>12.69</td>\n",
       "      <td>B</td>\n",
       "      <td>2</td>\n",
       "      <td>17.94</td>\n",
       "      <td>3242.170000</td>\n",
       "      <td>2233.10</td>\n",
       "      <td>0.00</td>\n",
       "      <td>67.79</td>\n",
       "      <td>ulster</td>\n",
       "    </tr>\n",
       "  </tbody>\n",
       "</table>\n",
       "<p>5 rows × 30 columns</p>\n",
       "</div>"
      ],
      "text/plain": [
       "        id  year     issue_d  final_d  emp_length_int home_ownership  \\\n",
       "0  1077501  2011  01/12/2011  1012015            10.0           RENT   \n",
       "1  1077430  2011  01/12/2011  1042013             0.5           RENT   \n",
       "2  1077175  2011  01/12/2011  1062014            10.0           RENT   \n",
       "3  1076863  2011  01/12/2011  1012015            10.0           RENT   \n",
       "4  1075358  2011  01/12/2011  1012016             1.0           RENT   \n",
       "\n",
       "   home_ownership_cat income_category  annual_inc  income_cat  ...  \\\n",
       "0                   1             Low       24000           1  ...   \n",
       "1                   1             Low       30000           1  ...   \n",
       "2                   1             Low       12252           1  ...   \n",
       "3                   1             Low       49200           1  ...   \n",
       "4                   1             Low       80000           1  ...   \n",
       "\n",
       "   loan_condition_cat interest_rate  grade grade_cat    dti   total_pymnt  \\\n",
       "0                   0         10.65      B         2  27.65   5861.071414   \n",
       "1                   1         15.27      C         3   1.00   1008.710000   \n",
       "2                   0         15.96      C         3   8.72   3003.653644   \n",
       "3                   0         13.49      C         3  20.00  12226.302210   \n",
       "4                   0         12.69      B         2  17.94   3242.170000   \n",
       "\n",
       "   total_rec_prncp recoveries  installment    region  \n",
       "0          5000.00       0.00       162.87   munster  \n",
       "1           456.46     117.08        59.83  leinster  \n",
       "2          2400.00       0.00        84.33  cannught  \n",
       "3         10000.00       0.00       339.31    ulster  \n",
       "4          2233.10       0.00        67.79    ulster  \n",
       "\n",
       "[5 rows x 30 columns]"
      ]
     },
     "execution_count": 5,
     "metadata": {},
     "output_type": "execute_result"
    }
   ],
   "source": [
    "data.head()"
   ]
  },
  {
   "cell_type": "code",
   "execution_count": 6,
   "metadata": {},
   "outputs": [
    {
     "name": "stdout",
     "output_type": "stream",
     "text": [
      "Index(['id', 'year', 'issue_d', 'final_d', 'emp_length_int', 'home_ownership',\n",
      "       'home_ownership_cat', 'income_category', 'annual_inc', 'income_cat',\n",
      "       'loan_amount', 'term', 'term_cat', 'application_type',\n",
      "       'application_type_cat', 'purpose', 'purpose_cat', 'interest_payments',\n",
      "       'interest_payment_cat', 'loan_condition', 'loan_condition_cat',\n",
      "       'interest_rate', 'grade', 'grade_cat', 'dti', 'total_pymnt',\n",
      "       'total_rec_prncp', 'recoveries', 'installment', 'region'],\n",
      "      dtype='object')\n"
     ]
    }
   ],
   "source": [
    "print(data.columns)"
   ]
  },
  {
   "cell_type": "markdown",
   "metadata": {
    "colab_type": "text",
    "id": "50HpcRDHs-ia"
   },
   "source": [
    " \n",
    "## Data Description\n",
    "\n",
    " - `id `, id платильщика\n",
    " - `year`, год\n",
    " - `issue_d`, дата когда был взят кредит\n",
    " - `final_d`, дата когда весь кредит был выплачен\n",
    " - `emp_length_int`,   Срок трудоустройства. Possible values are between 0 and 10 where 0 means less than one year and 10 means ten or more years.\n",
    " - `home_ownership`, The home ownership status provided by the borrower during registration. Our values are: RENT, OWN, MORTGAGE, OTHER.\n",
    " \n",
    " - `home_ownership_cat`, RENT, OWN, MORTGAGE, OTHER.\n",
    " - `income_category`, уровень дохода low, medium, high\n",
    " - `income_cat`, low, medium, high в цифре\n",
    " - `annual_inc`, The self-reported annual income provided by the borrower during registration.\n",
    " - `loan_amount`, величина заема\n",
    " - `term`, срок \n",
    " - `term_cat`, 36 - 1 кат, 60 - 2 кат\n",
    " - `application_type`, INDIVIDUAL', 'JOINT'\n",
    " - `application_type_cat`, INDIVIDUAL', 'JOINT' - 1,2\n",
    " - `purpose`, цель заема\n",
    " - `purpose_cat`, категория цели заема\n",
    " - `interest_payments`, выплаты процентов : много, мало\n",
    " - `interest_payment_cat`,выплаты процентов  мало - 1, много - 2\n",
    " - `loan_condition`, Good loan - 0, Bad Loan - 1\n",
    " - `loan_condition_cat`, Good loan - 0, Bad Loan - 1\n",
    " - `interest_rate`, - процетная ставка\n",
    " - `grade`, Loan grading is a classification system that involves assigning a quality score to a loan based on a borrower's credit history, quality of collateral and likelihood of repayment of the principal and interest. A score can also be applied to a portfolio of loans.\n",
    " \n",
    " - `grade_cat`, от 1 до 7. Уточнить что лучше\n",
    " - `dti`,  отношение долга к доходам. В России DTI называют предельной долговой нагрузкой (ПДН). Это процент вашего ежемесячного дохода, который идет на оплату кредитов. В прочем, не только кредитов. Часто в DTI закладывают также все обязательные платежи. Например, коммунальную плату, страховые взносы, обязательства перед операторами сотовой связи, словом все, что вы должны заплатить обязательно.\n",
    " \n",
    " - `total_pymnt` - сколько в итоге заплатил заемщик\n",
    " - `total_rec_prncp`,\n",
    " - `recoveries`, последующие взыскания?\n",
    " - `installment`'  - сколько платить в месяц\n"
   ]
  },
  {
   "cell_type": "markdown",
   "metadata": {},
   "source": [
    "# Обработаем данные"
   ]
  },
  {
   "cell_type": "markdown",
   "metadata": {
    "colab_type": "text",
    "id": "cjwpuybYs-j5"
   },
   "source": [
    "## Задача\n",
    "\n",
    "Задача - определить статус заемщика по информции, которая доступна при оформлении кредита. Доступно два статуса - хороший (тот кто вероятнее всего выплятит кредит без проблем) или плохой заемщик (тот, у которого вероятнее будут проблемы с выплатой кредита)\n",
    "\n",
    "Удаляем признаки:\n",
    "`interest_payment_cat`\n",
    "`issue_d`,  `total_pymnt`, `total_rec_prncp`, `recoveries`.\n",
    "\n",
    "Так же удаляем категориальные признаки, для которых у нас присутсвтует дублирующий признак с цифровым классом:\n",
    "`home_ownership`, `term`, `grade`\n",
    "\n",
    "Удаляем отнесеные к категориям цифровые признаки:\n",
    "`income_category`, `income_cat`, `interest_payments`, `interest_payments_сat`\n",
    "\n",
    "Удаляем `application_type_cat`, т.к этот прзинак для всех записей одинаковый"
   ]
  },
  {
   "cell_type": "code",
   "execution_count": null,
   "metadata": {},
   "outputs": [],
   "source": []
  },
  {
   "cell_type": "code",
   "execution_count": 12,
   "metadata": {},
   "outputs": [
    {
     "data": {
      "text/html": [
       "<div>\n",
       "<style scoped>\n",
       "    .dataframe tbody tr th:only-of-type {\n",
       "        vertical-align: middle;\n",
       "    }\n",
       "\n",
       "    .dataframe tbody tr th {\n",
       "        vertical-align: top;\n",
       "    }\n",
       "\n",
       "    .dataframe thead th {\n",
       "        text-align: right;\n",
       "    }\n",
       "</style>\n",
       "<table border=\"1\" class=\"dataframe\">\n",
       "  <thead>\n",
       "    <tr style=\"text-align: right;\">\n",
       "      <th></th>\n",
       "      <th>id</th>\n",
       "      <th>year</th>\n",
       "      <th>issue_d</th>\n",
       "      <th>final_d</th>\n",
       "      <th>emp_length_int</th>\n",
       "      <th>home_ownership</th>\n",
       "      <th>home_ownership_cat</th>\n",
       "      <th>income_category</th>\n",
       "      <th>annual_inc</th>\n",
       "      <th>income_cat</th>\n",
       "      <th>...</th>\n",
       "      <th>loan_condition_cat</th>\n",
       "      <th>interest_rate</th>\n",
       "      <th>grade</th>\n",
       "      <th>grade_cat</th>\n",
       "      <th>dti</th>\n",
       "      <th>total_pymnt</th>\n",
       "      <th>total_rec_prncp</th>\n",
       "      <th>recoveries</th>\n",
       "      <th>installment</th>\n",
       "      <th>region</th>\n",
       "    </tr>\n",
       "  </thead>\n",
       "  <tbody>\n",
       "    <tr>\n",
       "      <th>466289</th>\n",
       "      <td>68341763</td>\n",
       "      <td>2015</td>\n",
       "      <td>01/12/2015</td>\n",
       "      <td>1012016</td>\n",
       "      <td>10.0</td>\n",
       "      <td>MORTGAGE</td>\n",
       "      <td>3</td>\n",
       "      <td>Low</td>\n",
       "      <td>63000</td>\n",
       "      <td>1</td>\n",
       "      <td>...</td>\n",
       "      <td>0</td>\n",
       "      <td>10.78</td>\n",
       "      <td>B</td>\n",
       "      <td>2</td>\n",
       "      <td>10.78</td>\n",
       "      <td>0.00</td>\n",
       "      <td>0.00</td>\n",
       "      <td>0.0</td>\n",
       "      <td>432.66</td>\n",
       "      <td>cannught</td>\n",
       "    </tr>\n",
       "    <tr>\n",
       "      <th>466419</th>\n",
       "      <td>68341663</td>\n",
       "      <td>2015</td>\n",
       "      <td>01/12/2015</td>\n",
       "      <td>1012016</td>\n",
       "      <td>9.0</td>\n",
       "      <td>MORTGAGE</td>\n",
       "      <td>3</td>\n",
       "      <td>Low</td>\n",
       "      <td>75000</td>\n",
       "      <td>1</td>\n",
       "      <td>...</td>\n",
       "      <td>0</td>\n",
       "      <td>13.44</td>\n",
       "      <td>C</td>\n",
       "      <td>3</td>\n",
       "      <td>20.67</td>\n",
       "      <td>0.00</td>\n",
       "      <td>0.00</td>\n",
       "      <td>0.0</td>\n",
       "      <td>459.58</td>\n",
       "      <td>ulster</td>\n",
       "    </tr>\n",
       "    <tr>\n",
       "      <th>466741</th>\n",
       "      <td>68340637</td>\n",
       "      <td>2015</td>\n",
       "      <td>01/12/2015</td>\n",
       "      <td>1012016</td>\n",
       "      <td>1.0</td>\n",
       "      <td>MORTGAGE</td>\n",
       "      <td>3</td>\n",
       "      <td>Low</td>\n",
       "      <td>65000</td>\n",
       "      <td>1</td>\n",
       "      <td>...</td>\n",
       "      <td>0</td>\n",
       "      <td>11.99</td>\n",
       "      <td>C</td>\n",
       "      <td>3</td>\n",
       "      <td>17.56</td>\n",
       "      <td>0.00</td>\n",
       "      <td>0.00</td>\n",
       "      <td>0.0</td>\n",
       "      <td>498.15</td>\n",
       "      <td>ulster</td>\n",
       "    </tr>\n",
       "    <tr>\n",
       "      <th>466850</th>\n",
       "      <td>68340478</td>\n",
       "      <td>2015</td>\n",
       "      <td>01/12/2015</td>\n",
       "      <td>1012016</td>\n",
       "      <td>1.0</td>\n",
       "      <td>MORTGAGE</td>\n",
       "      <td>3</td>\n",
       "      <td>Low</td>\n",
       "      <td>96000</td>\n",
       "      <td>1</td>\n",
       "      <td>...</td>\n",
       "      <td>0</td>\n",
       "      <td>13.44</td>\n",
       "      <td>C</td>\n",
       "      <td>3</td>\n",
       "      <td>22.70</td>\n",
       "      <td>0.00</td>\n",
       "      <td>0.00</td>\n",
       "      <td>0.0</td>\n",
       "      <td>551.50</td>\n",
       "      <td>cannught</td>\n",
       "    </tr>\n",
       "    <tr>\n",
       "      <th>466914</th>\n",
       "      <td>68586213</td>\n",
       "      <td>2015</td>\n",
       "      <td>01/12/2015</td>\n",
       "      <td>1012016</td>\n",
       "      <td>1.0</td>\n",
       "      <td>RENT</td>\n",
       "      <td>1</td>\n",
       "      <td>Low</td>\n",
       "      <td>29524</td>\n",
       "      <td>1</td>\n",
       "      <td>...</td>\n",
       "      <td>0</td>\n",
       "      <td>18.99</td>\n",
       "      <td>E</td>\n",
       "      <td>5</td>\n",
       "      <td>46.71</td>\n",
       "      <td>237.61</td>\n",
       "      <td>182.22</td>\n",
       "      <td>0.0</td>\n",
       "      <td>320.70</td>\n",
       "      <td>cannught</td>\n",
       "    </tr>\n",
       "    <tr>\n",
       "      <th>...</th>\n",
       "      <td>...</td>\n",
       "      <td>...</td>\n",
       "      <td>...</td>\n",
       "      <td>...</td>\n",
       "      <td>...</td>\n",
       "      <td>...</td>\n",
       "      <td>...</td>\n",
       "      <td>...</td>\n",
       "      <td>...</td>\n",
       "      <td>...</td>\n",
       "      <td>...</td>\n",
       "      <td>...</td>\n",
       "      <td>...</td>\n",
       "      <td>...</td>\n",
       "      <td>...</td>\n",
       "      <td>...</td>\n",
       "      <td>...</td>\n",
       "      <td>...</td>\n",
       "      <td>...</td>\n",
       "      <td>...</td>\n",
       "      <td>...</td>\n",
       "    </tr>\n",
       "    <tr>\n",
       "      <th>571240</th>\n",
       "      <td>62245430</td>\n",
       "      <td>2015</td>\n",
       "      <td>01/10/2015</td>\n",
       "      <td>1012016</td>\n",
       "      <td>1.0</td>\n",
       "      <td>RENT</td>\n",
       "      <td>1</td>\n",
       "      <td>Low</td>\n",
       "      <td>65000</td>\n",
       "      <td>1</td>\n",
       "      <td>...</td>\n",
       "      <td>0</td>\n",
       "      <td>9.17</td>\n",
       "      <td>B</td>\n",
       "      <td>2</td>\n",
       "      <td>14.40</td>\n",
       "      <td>946.18</td>\n",
       "      <td>732.69</td>\n",
       "      <td>0.0</td>\n",
       "      <td>318.79</td>\n",
       "      <td>ulster</td>\n",
       "    </tr>\n",
       "    <tr>\n",
       "      <th>571556</th>\n",
       "      <td>62245231</td>\n",
       "      <td>2015</td>\n",
       "      <td>01/10/2015</td>\n",
       "      <td>1012016</td>\n",
       "      <td>2.0</td>\n",
       "      <td>OWN</td>\n",
       "      <td>2</td>\n",
       "      <td>Low</td>\n",
       "      <td>9000</td>\n",
       "      <td>1</td>\n",
       "      <td>...</td>\n",
       "      <td>0</td>\n",
       "      <td>18.25</td>\n",
       "      <td>E</td>\n",
       "      <td>5</td>\n",
       "      <td>55.10</td>\n",
       "      <td>870.94</td>\n",
       "      <td>396.12</td>\n",
       "      <td>0.0</td>\n",
       "      <td>321.68</td>\n",
       "      <td>cannught</td>\n",
       "    </tr>\n",
       "    <tr>\n",
       "      <th>571699</th>\n",
       "      <td>62205145</td>\n",
       "      <td>2015</td>\n",
       "      <td>01/10/2015</td>\n",
       "      <td>1012016</td>\n",
       "      <td>6.0</td>\n",
       "      <td>MORTGAGE</td>\n",
       "      <td>3</td>\n",
       "      <td>Medium</td>\n",
       "      <td>120000</td>\n",
       "      <td>2</td>\n",
       "      <td>...</td>\n",
       "      <td>0</td>\n",
       "      <td>18.55</td>\n",
       "      <td>E</td>\n",
       "      <td>5</td>\n",
       "      <td>16.60</td>\n",
       "      <td>1095.13</td>\n",
       "      <td>449.04</td>\n",
       "      <td>0.0</td>\n",
       "      <td>369.99</td>\n",
       "      <td>leinster</td>\n",
       "    </tr>\n",
       "    <tr>\n",
       "      <th>573082</th>\n",
       "      <td>62062839</td>\n",
       "      <td>2015</td>\n",
       "      <td>01/10/2015</td>\n",
       "      <td>1122015</td>\n",
       "      <td>10.0</td>\n",
       "      <td>RENT</td>\n",
       "      <td>1</td>\n",
       "      <td>Low</td>\n",
       "      <td>21559</td>\n",
       "      <td>1</td>\n",
       "      <td>...</td>\n",
       "      <td>0</td>\n",
       "      <td>18.55</td>\n",
       "      <td>E</td>\n",
       "      <td>5</td>\n",
       "      <td>59.19</td>\n",
       "      <td>906.43</td>\n",
       "      <td>371.33</td>\n",
       "      <td>0.0</td>\n",
       "      <td>462.49</td>\n",
       "      <td>munster</td>\n",
       "    </tr>\n",
       "    <tr>\n",
       "      <th>573290</th>\n",
       "      <td>62002798</td>\n",
       "      <td>2015</td>\n",
       "      <td>01/10/2015</td>\n",
       "      <td>1122015</td>\n",
       "      <td>6.0</td>\n",
       "      <td>MORTGAGE</td>\n",
       "      <td>3</td>\n",
       "      <td>Low</td>\n",
       "      <td>48000</td>\n",
       "      <td>1</td>\n",
       "      <td>...</td>\n",
       "      <td>0</td>\n",
       "      <td>11.53</td>\n",
       "      <td>B</td>\n",
       "      <td>2</td>\n",
       "      <td>26.08</td>\n",
       "      <td>841.74</td>\n",
       "      <td>563.88</td>\n",
       "      <td>0.0</td>\n",
       "      <td>395.89</td>\n",
       "      <td>leinster</td>\n",
       "    </tr>\n",
       "  </tbody>\n",
       "</table>\n",
       "<p>511 rows × 30 columns</p>\n",
       "</div>"
      ],
      "text/plain": [
       "              id  year     issue_d  final_d  emp_length_int home_ownership  \\\n",
       "466289  68341763  2015  01/12/2015  1012016            10.0       MORTGAGE   \n",
       "466419  68341663  2015  01/12/2015  1012016             9.0       MORTGAGE   \n",
       "466741  68340637  2015  01/12/2015  1012016             1.0       MORTGAGE   \n",
       "466850  68340478  2015  01/12/2015  1012016             1.0       MORTGAGE   \n",
       "466914  68586213  2015  01/12/2015  1012016             1.0           RENT   \n",
       "...          ...   ...         ...      ...             ...            ...   \n",
       "571240  62245430  2015  01/10/2015  1012016             1.0           RENT   \n",
       "571556  62245231  2015  01/10/2015  1012016             2.0            OWN   \n",
       "571699  62205145  2015  01/10/2015  1012016             6.0       MORTGAGE   \n",
       "573082  62062839  2015  01/10/2015  1122015            10.0           RENT   \n",
       "573290  62002798  2015  01/10/2015  1122015             6.0       MORTGAGE   \n",
       "\n",
       "        home_ownership_cat income_category  annual_inc  income_cat  ...  \\\n",
       "466289                   3             Low       63000           1  ...   \n",
       "466419                   3             Low       75000           1  ...   \n",
       "466741                   3             Low       65000           1  ...   \n",
       "466850                   3             Low       96000           1  ...   \n",
       "466914                   1             Low       29524           1  ...   \n",
       "...                    ...             ...         ...         ...  ...   \n",
       "571240                   1             Low       65000           1  ...   \n",
       "571556                   2             Low        9000           1  ...   \n",
       "571699                   3          Medium      120000           2  ...   \n",
       "573082                   1             Low       21559           1  ...   \n",
       "573290                   3             Low       48000           1  ...   \n",
       "\n",
       "        loan_condition_cat interest_rate  grade grade_cat    dti total_pymnt  \\\n",
       "466289                   0         10.78      B         2  10.78        0.00   \n",
       "466419                   0         13.44      C         3  20.67        0.00   \n",
       "466741                   0         11.99      C         3  17.56        0.00   \n",
       "466850                   0         13.44      C         3  22.70        0.00   \n",
       "466914                   0         18.99      E         5  46.71      237.61   \n",
       "...                    ...           ...    ...       ...    ...         ...   \n",
       "571240                   0          9.17      B         2  14.40      946.18   \n",
       "571556                   0         18.25      E         5  55.10      870.94   \n",
       "571699                   0         18.55      E         5  16.60     1095.13   \n",
       "573082                   0         18.55      E         5  59.19      906.43   \n",
       "573290                   0         11.53      B         2  26.08      841.74   \n",
       "\n",
       "        total_rec_prncp recoveries  installment    region  \n",
       "466289             0.00        0.0       432.66  cannught  \n",
       "466419             0.00        0.0       459.58    ulster  \n",
       "466741             0.00        0.0       498.15    ulster  \n",
       "466850             0.00        0.0       551.50  cannught  \n",
       "466914           182.22        0.0       320.70  cannught  \n",
       "...                 ...        ...          ...       ...  \n",
       "571240           732.69        0.0       318.79    ulster  \n",
       "571556           396.12        0.0       321.68  cannught  \n",
       "571699           449.04        0.0       369.99  leinster  \n",
       "573082           371.33        0.0       462.49   munster  \n",
       "573290           563.88        0.0       395.89  leinster  \n",
       "\n",
       "[511 rows x 30 columns]"
      ]
     },
     "execution_count": 12,
     "metadata": {},
     "output_type": "execute_result"
    }
   ],
   "source": [
    "data[data.application_type_cat == 2][data.]"
   ]
  },
  {
   "cell_type": "raw",
   "metadata": {
    "colab": {
     "base_uri": "https://localhost:8080/",
     "height": 326
    },
    "colab_type": "code",
    "executionInfo": {
     "elapsed": 708,
     "status": "error",
     "timestamp": 1570814716571,
     "user": {
      "displayName": "Nikolai Zolotykh",
      "photoUrl": "https://lh3.googleusercontent.com/a-/AAuE7mCEtTuH2RIsH6xSNXDKF54vy2gvluaqGaOi66eCNg=s64",
      "userId": "03606609416015113398"
     },
     "user_tz": -180
    },
    "id": "uza1DI8ks-j8",
    "outputId": "34355bc4-fb3a-4863-9cf3-d1964a60f692"
   },
   "source": [
    "#data = data.drop('capital-gain', axis = 1)\\\n",
    "   #         .drop('capital-loss', axis = 1)\\\n",
    "  #         .drop('education',    axis = 1)\\\n",
    " #          .drop('native-country', axis = 1).drop('fnlwgt', axis = 1)\n",
    "#data.drop()"
   ]
  },
  {
   "cell_type": "markdown",
   "metadata": {},
   "source": [
    "### Описание данных"
   ]
  },
  {
   "cell_type": "raw",
   "metadata": {},
   "source": [
    "  'id', # не несет полезной информации \n",
    " #'year',\n",
    " #'issue_d',\n",
    " 'final_d', # эта информация известна уже после того, как заемщик отдал кредит\n",
    " #'emp_length_int',\n",
    " 'home_ownership', # оставляем категорию home_ownership_cat\n",
    " #'home_ownership_cat',\n",
    " 'income_category', # оставляем поле annual_inc\n",
    " #'annual_inc',\n",
    " 'income_cat',  # оставляем поле annual_inc \n",
    " #'loan_amount',\n",
    " 'term',# - оставляем  категорию term_cat\n",
    " #'term_cat',\n",
    " 'application_type', # все с одинаковым значением\n",
    " 'application_type_cat', # все с одинаковым значением\n",
    " 'purpose', # оставляем категорию purpose_cat\n",
    " #'purpose_cat',\n",
    " 'interest_payments', # оставляем категорию interest_rate\n",
    " 'interest_payment_cat', # оставляем категорию interest_rate\n",
    " #'loan_condition', \n",
    " 'loan_condition_cat',# оставляем категорию loan_condition\n",
    " #'interest_rate',\n",
    " 'grade', # оставляем категорию grade_cat\n",
    " #'grade_cat',\n",
    " #'dti',\n",
    " 'total_pymnt', # информация известна уже после того, как заемщик отдал кредит \n",
    " 'total_rec_prncp', # информация известна уже после того, как заемщик отдал кредит \n",
    " 'recoveries', # информация известна уже после того, как заемщик отдал кредит \n",
    " 'installment', # информация известна уже после того, как заемщик отдал кредит \n",
    " #'region'"
   ]
  },
  {
   "cell_type": "code",
   "execution_count": 8,
   "metadata": {},
   "outputs": [],
   "source": [
    "data_full = data"
   ]
  },
  {
   "cell_type": "code",
   "execution_count": 9,
   "metadata": {
    "colab": {},
    "colab_type": "code",
    "id": "bzBPUxmbs-j_",
    "scrolled": true
   },
   "outputs": [],
   "source": [
    "data = data_full.drop(['id','final_d',\n",
    "           'home_ownership','income_category', 'income_cat', 'term', \n",
    "           'interest_payments','interest_payment_cat', 'loan_condition','grade',\n",
    "            #'purpose_cat','application_type_cat',\n",
    "           'total_pymnt','total_rec_prncp','recoveries','installment' ], axis = 1)\n"
   ]
  },
  {
   "cell_type": "code",
   "execution_count": 10,
   "metadata": {
    "scrolled": false
   },
   "outputs": [
    {
     "data": {
      "text/plain": [
       "(887379, 16)"
      ]
     },
     "execution_count": 10,
     "metadata": {},
     "output_type": "execute_result"
    }
   ],
   "source": [
    "data.shape"
   ]
  },
  {
   "cell_type": "markdown",
   "metadata": {},
   "source": [
    "# Проверим корелляционные связи численных и категориальных признаков"
   ]
  },
  {
   "cell_type": "code",
   "execution_count": 11,
   "metadata": {
    "scrolled": false
   },
   "outputs": [
    {
     "data": {
      "application/vnd.plotly.v1+json": {
       "config": {
        "plotlyServerURL": "https://plot.ly"
       },
       "data": [
        {
         "colorscale": [
          [
           0,
           "#0d0887"
          ],
          [
           0.1111111111111111,
           "#46039f"
          ],
          [
           0.2222222222222222,
           "#7201a8"
          ],
          [
           0.3333333333333333,
           "#9c179e"
          ],
          [
           0.4444444444444444,
           "#bd3786"
          ],
          [
           0.5555555555555556,
           "#d8576b"
          ],
          [
           0.6666666666666666,
           "#ed7953"
          ],
          [
           0.7777777777777778,
           "#fb9f3a"
          ],
          [
           0.8888888888888888,
           "#fdca26"
          ],
          [
           1,
           "#f0f921"
          ]
         ],
         "reversescale": false,
         "showscale": true,
         "type": "heatmap",
         "x": [
          "year",
          "emp_length_int",
          "home_ownership_cat",
          "annual_inc",
          "loan_amount",
          "term_cat",
          "application_type_cat",
          "purpose_cat",
          "loan_condition_cat",
          "interest_rate",
          "grade_cat",
          "dti"
         ],
         "y": [
          "year",
          "emp_length_int",
          "home_ownership_cat",
          "annual_inc",
          "loan_amount",
          "term_cat",
          "application_type_cat",
          "purpose_cat",
          "loan_condition_cat",
          "interest_rate",
          "grade_cat",
          "dti"
         ],
         "z": [
          [
           1,
           0.048980432080065396,
           0.019557785672916238,
           0.035911066301582646,
           0.10372224425019906,
           0.08102628117064206,
           0.01861041239241502,
           -0.03639813973550114,
           -0.16512213331135947,
           -0.06363242890423974,
           0.016913549359203216,
           0.07853006485909256
          ],
          [
           0.048980432080065396,
           1,
           0.20431176855840752,
           0.06338207193163006,
           0.10389755344676584,
           0.06752804689838195,
           0.0005251569627356946,
           0.01916897519908807,
           -0.01582066608618902,
           0.008943089341020153,
           0.004301140136809992,
           0.020659522282680132
          ],
          [
           0.019557785672916238,
           0.20431176855840752,
           1,
           0.15483220389795388,
           0.19626948622817791,
           0.10976980194582542,
           0.009015858920349553,
           0.022575357861573945,
           -0.03725280665477459,
           -0.06427118628550338,
           -0.062029073355378404,
           0.0011165898148096814
          ],
          [
           0.035911066301582646,
           0.06338207193163006,
           0.15483220389795388,
           1,
           0.33269685968376866,
           0.058360319448248286,
           -0.006071261768406951,
           0.004787204309919917,
           -0.03414234654403705,
           -0.07278537431733886,
           -0.06442647753517972,
           -0.08740936558277704
          ],
          [
           0.10372224425019906,
           0.10389755344676584,
           0.19626948622817791,
           0.33269685968376866,
           1,
           0.411716633642369,
           0.013191963677309092,
           -0.037037657902533466,
           0.0035117458959958727,
           0.14502309929852084,
           0.1508728638307328,
           0.020675486936727473
          ],
          [
           0.08102628117064206,
           0.06752804689838195,
           0.10976980194582542,
           0.058360319448248286,
           0.411716633642369,
           1,
           0.012164588748714773,
           0.029276834709238964,
           0.03959128335930243,
           0.42805783566249944,
           0.44270129312804435,
           0.05107730448897661
          ],
          [
           0.01861041239241502,
           0.0005251569627356946,
           0.009015858920349553,
           -0.006071261768406951,
           0.013191963677309092,
           0.012164588748714773,
           1,
           -0.0003734646951373888,
           -0.005997136323685966,
           0.010545373963114295,
           0.013671299002524675,
           0.07445328329264068
          ],
          [
           -0.03639813973550114,
           0.01916897519908807,
           0.022575357861573945,
           0.004787204309919917,
           -0.037037657902533466,
           0.029276834709238964,
           -0.0003734646951373888,
           1,
           0.03119742637120517,
           0.15808200631134356,
           0.15639841903059054,
           -0.008617092595520093
          ],
          [
           -0.16512213331135947,
           -0.01582066608618902,
           -0.03725280665477459,
           -0.03414234654403705,
           0.0035117458959958727,
           0.03959128335930243,
           -0.005997136323685966,
           0.03119742637120517,
           1,
           0.17545032207679048,
           0.15029105996667952,
           0.009961315207174762
          ],
          [
           -0.06363242890423974,
           0.008943089341020153,
           -0.06427118628550338,
           -0.07278537431733886,
           0.14502309929852084,
           0.42805783566249944,
           0.010545373963114295,
           0.15808200631134356,
           0.17545032207679048,
           1,
           0.9541455304977997,
           0.07990255119031472
          ],
          [
           0.016913549359203216,
           0.004301140136809992,
           -0.062029073355378404,
           -0.06442647753517972,
           0.1508728638307328,
           0.44270129312804435,
           0.013671299002524675,
           0.15639841903059054,
           0.15029105996667952,
           0.9541455304977997,
           1,
           0.08354405445326134
          ],
          [
           0.07853006485909256,
           0.020659522282680132,
           0.0011165898148096814,
           -0.08740936558277704,
           0.020675486936727473,
           0.05107730448897661,
           0.07445328329264068,
           -0.008617092595520093,
           0.009961315207174762,
           0.07990255119031472,
           0.08354405445326134,
           1
          ]
         ]
        }
       ],
       "layout": {
